100 
 0 15300 16614 8478 24381 12960 11835 15759 11043 12411 17586 4887 6696 11601 4599 12339 17613 7893 11403 8604 18945 15831 18144 5931 18468 9459 4158 22302 7605 14535 10233 7263 14841 20061 15651 13419 9387 22383 21528 3411 14769 10755 25875 13680 14823 5193 10827 15561 7758 19953 13707 17793 288 13905 10026 23859 13617 22527 16047 9531 8532 18018 13257 8649 9216 12987 9360 15219 14391 21159 22095 19962 16767 14058 14742 22104 11142 11286 6669 11016 15516 12294 18261 16731 1944 22734 20853 22572 16479 19278 20844 12258 8325 21879 21609 18333 16497 21663 11448 14850
 15300 0 10062 12177 10413 4968 25659 8748 23166 16416 23688 14229 9198 14049 11115 21933 11403 17757 16839 10764 5553 7686 3141 19728 12141 22491 11196 10314 18369 2979 6903 20988 16227 13050 684 15174 20097 9819 9477 13302 6426 9999 11691 21897 17037 17127 7038 21762 16857 5652 23193 23931 15435 4491 9468 10764 14958 13572 8901 9972 21024 5274 22194 10539 6372 20286 8046 1881 12015 6111 9171 7002 10125 14841 6435 6957 4536 23751 9972 4284 17280 24759 5670 23085 13365 8307 24651 11628 6003 12384 5544 16866 14769 6606 6462 22554 18225 11826 16047 15858
 16614 10062 0 8784 19170 13905 22806 18387 19269 9675 15930 12717 13905 7767 14634 16578 21141 14121 10800 17271 7254 17442 9657 18108 21951 19485 13077 20106 15048 7137 14175 18963 7974 22995 9558 7641 16056 19458 19305 13302 3726 17667 20070 15705 8928 15192 14769 14445 13203 14904 17469 16146 16569 13905 16785 20088 7281 23634 1170 7110 17964 15264 16371 17082 12123 13995 14859 8199 3735 10989 18738 16776 162 6867 16029 11943 8640 19998 15075 10341 8847 20817 15660 15561 15210 16902 15732 21573 4347 22293 12447 10278 10764 13500 14139 14085 9504 21879 9900 7533
 8478 12177 8784 0 22572 12906 14463 17271 11358 5220 12267 4005 8955 3456 8406 9756 19863 5886 5040 12663 13383 16767 13968 9360 20772 11133 6201 21888 6687 9927 11376 10296 6822 22203 12150 5337 8145 21600 21033 5085 8298 14067 23868 9810 7092 6435 12159 10179 4932 17802 11025 12510 8361 13509 13086 22752 5427 23886 8550 2322 9594 16830 10044 12555 9108 8289 11340 11079 5985 16587 21060 18792 8937 5778 15300 17631 7839 12024 9954 9072 7695 12969 17190 11538 7623 20475 14373 22815 10215 21402 17100 5418 2610 18252 18405 11907 8766 22473 4473 6723
 24381 10413 19170 22572 0 11457 35577 10494 33363 26766 33993 24309 17703 24399 19809 32319 11133 28044 27243 17262 12150 9702 9531 29511 11124 32535 20646 4041 28602 13041 14265 30834 26325 10656 10530 25389 30384 3159 4149 23085 16092 15390 1530 32310 27180 27135 13806 32112 27162 4779 33606 34227 24579 10494 15534 1971 25137 8703 18126 20385 31122 6363 32607 17082 15255 30699 15309 11790 21924 8766 2844 4491 19179 24957 10143 8190 14796 33912 17973 13968 27342 34947 6147 33417 22473 2268 34641 5661 14841 10620 6849 27234 25155 6012 5121 32679 28215 7191 26442 25920
 12960 4968 13905 12906 11457 0 24408 4617 22581 17901 25137 13536 6264 15669 8370 22176 7380 17559 17937 6336 10521 3906 7920 18306 8244 21519 9423 9495 17946 7056 2826 19665 18486 9513 5652 17190 19845 9468 8685 12024 10197 5148 12969 22590 19134 16173 2520 23067 16785 7290 23553 25380 13167 981 4788 10908 17073 10980 12753 11196 20196 5094 22671 6129 4095 21150 3933 6480 14859 10611 9144 7002 14004 17118 2412 11250 5688 23058 6525 4014 19530 24102 5310 24426 11070 9972 26820 10089 10440 8739 9369 18216 15201 10125 9504 24489 20574 9594 17298 18189
 11835 25659 22806 14463 35577 24408 0 27567 3951 13914 13455 11457 18288 15156 16281 7740 29448 8694 12519 20421 27801 27567 28008 6102 30294 3339 14994 33885 7803 23994 21834 4752 16704 31887 25830 16011 6840 33876 33084 12492 22761 22581 37017 9666 16029 8541 22500 12483 9639 30924 8037 13527 11574 25299 21861 35280 16380 34362 22815 16713 4878 29304 8685 20475 20385 10647 21078 25002 19287 30816 33507 31293 22941 16938 26397 31851 21141 3240 18441 21663 16641 3069 29592 12798 13500 33723 17559 34290 24678 31113 31032 13347 12096 32166 32121 15705 17064 33444 13302 17019
 15759 8748 18387 17271 10494 4617 27567 0 26190 22374 29538 17361 9405 20187 11304 26190 2772 21474 22311 7461 14094 1152 11070 21519 3627 24921 12924 7182 21744 11349 6048 22887 23076 4950 9414 21753 23679 7623 6606 15624 14661 5319 11988 26766 23697 19746 5283 27441 20781 8001 27594 29781 16011 4482 5814 9216 21645 6858 17226 15705 23724 5490 26775 7344 8181 25416 6543 10539 19476 13122 7686 6372 18477 21708 2367 13455 10305 26595 9126 8613 24111 27630 5355 28800 14067 9891 31365 6966 14661 4149 11340 22653 19422 11700 10755 29007 25164 5904 21717 22788
 11043 23166 19269 11358 33363 22581 3951 26190 0 10080 9810 9081 16785 11529 14976 3843 28323 5481 8721 19494 24723 26037 25254 5274 29214 1989 13275 32058 4788 21204 20232 4185 12825 30789 23247 12213 3249 31941 31230 10593 19593 21555 34749 5805 12114 6444 20952 8640 6435 28629 4383 9909 10755 23409 20727 33264 12591 33048 19386 13671 2520 27243 4842 19503 18486 6705 19647 22293 15651 27927 31500 29250 19404 13140 24741 28980 18639 747 17181 19413 12717 1611 27558 9090 12321 31392 13896 32643 21510 29988 28350 9495 8820 29502 29565 11898 13122 31959 9540 13149
 12411 16416 9675 5220 26766 17901 13914 22374 10080 0 7299 7542 14148 2367 13428 6966 25002 5967 1422 17838 16173 21798 17577 10710 25911 10791 11178 26532 6903 13743 16551 11052 2898 27315 16245 2151 7119 26154 25686 9369 11097 19278 27945 6039 2511 8325 17334 5346 5373 22050 7794 7542 12213 18423 18297 27180 2529 28863 10089 6732 9432 21420 6687 17730 14256 4329 16560 14985 5940 19764 25551 23319 9792 3069 20313 20790 12501 10827 15120 13950 3222 11511 21798 6669 12123 24570 9162 27594 12852 26514 20709 612 4095 21852 22203 6696 4113 27378 972 3150
 17586 23688 15930 12267 33993 25137 13455 29538 9810 7299 0 13257 20898 9648 19809 6156 32112 9702 7227 24435 22959 29016 24669 13545 33030 11556 17595 33840 10161 20952 23616 13113 7965 34470 23481 8640 8820 33444 32985 15273 18090 26091 35127 4239 7020 12501 24399 2124 9864 29295 5445 243 17325 25695 25128 34452 8928 36117 16623 14013 10971 28719 5067 24363 21366 4599 23490 22203 12411 26640 32841 30609 16002 9198 27540 27657 19791 10368 21744 21222 7092 10395 29106 855 17928 31770 4104 34893 19692 33660 27756 6930 10296 28890 29313 2673 6615 34659 7839 8406
 4887 14229 12717 4005 24309 13536 11457 17361 9081 7542 13257 0 8073 6777 6642 8883 19683 4122 6615 11331 16560 17109 16560 5733 20583 8271 4545 22986 4410 12573 11331 6876 9963 22122 14382 8568 6327 22860 22158 2016 11727 13176 25704 9747 9936 2925 12078 11160 3537 19593 10296 13482 4698 14337 12249 24174 8775 24201 12393 5760 6813 18162 9576 11286 9441 8712 10890 13554 9972 19413 22419 20169 12879 9243 15759 20430 9693 9612 8721 10350 10629 10647 18477 12429 4707 22374 16227 23625 13608 21312 19584 7425 3447 20709 20682 13689 11619 23013 6579 9999
 6696 9198 13905 8955 17703 6264 18288 9405 16785 14148 20898 8073 0 12321 2106 16956 11619 12195 13752 3744 13797 9306 12276 12204 12519 15543 3555 15642 12393 9324 3555 13563 15606 14067 9684 14139 14337 15696 14859 6246 10899 5193 19206 17721 15993 10350 4212 18774 11574 13347 18369 21132 6912 7218 4230 17163 14157 16263 12978 8244 14319 11331 17622 3609 2826 16524 2862 9630 13203 15291 15390 13266 14049 14391 8109 16155 5967 17190 1170 5058 16560 18234 11565 20106 4833 16110 23310 16002 12132 13266 14643 14292 10602 15597 15201 20817 17640 15210 13338 15426
 11601 14049 7767 3456 24399 15669 15156 20187 11529 2367 9648 6777 12321 0 11853 8865 22851 6624 3105 16056 13923 19575 15228 11097 23760 11889 9657 24192 7587 11376 14472 11709 3366 25128 13869 1890 8343 23796 23337 8298 8802 17361 25578 8226 3672 8370 15246 7713 5787 19683 9864 9891 11439 16155 16371 24813 2025 26604 8019 4482 10413 19071 8766 15930 12150 6525 14571 12618 4131 17469 23184 20961 7902 2466 18081 18504 10188 12258 13356 11691 4248 13059 19458 9036 10962 22203 11196 25272 10602 24336 18369 2853 3636 19512 19845 8820 5328 25092 2205 3303
 4599 11115 14634 8406 19809 8370 16281 11304 14976 13428 19809 6642 2106 11853 0 15462 13356 10692 12834 4689 15390 11295 14121 10224 14238 13635 2250 17712 10773 10899 5634 11583 15219 15813 11547 13734 12708 17784 16938 4671 11988 6624 21312 16389 15480 8586 6246 17694 10179 15444 16875 20043 4824 9324 5760 19260 13806 18135 13815 8253 12483 13446 16200 4653 4788 15318 4797 11349 13392 17154 17496 15372 14787 14112 10161 18045 7443 15336 2205 6858 16092 16380 13680 18999 2781 18207 22500 18018 13419 15012 16614 13482 9585 17604 17235 19980 17163 17163 12546 15093
 12339 21933 16578 9756 32319 22176 7740 26190 3843 6966 6156 8883 16956 8865 15462 0 28557 4770 5787 20142 22680 25875 23634 7551 29466 5427 13428 31464 4770 19620 20151 6984 9450 30996 21906 9108 2979 31230 30609 10800 17514 22041 33624 1989 8640 7164 20916 4806 5418 27549 1413 6291 12060 22905 21132 32436 9486 33003 16884 12015 4833 26460 1089 20115 18126 2988 19764 20799 12861 26100 30717 28449 16704 10008 24480 27153 17541 4509 17586 18612 9189 4878 26811 5373 13122 30231 10179 32247 19368 30186 26784 6354 7173 27936 28143 8082 9468 31752 6687 9819
 17613 11403 21141 19863 11133 7380 29448 2772 28323 25002 32112 19683 11619 22851 13356 28557 0 23805 24885 9036 16614 3726 13509 23490 918 26964 15174 7272 24012 14085 8505 24849 25785 2457 12042 24453 25956 8001 6984 17856 17415 6867 12501 29223 26397 21915 7731 30015 23157 9747 29970 32355 17883 7236 7614 9504 24354 5085 19980 18378 25830 7461 29187 8973 10755 27918 8793 13230 22230 15282 8325 7713 21231 24426 5121 15489 13059 28692 11151 11358 26829 29727 7218 31365 16056 11079 34038 6363 17361 1665 13365 25263 21924 13536 12510 31662 27882 4869 24327 25506
 7893 17757 14121 5886 28044 17559 8694 21474 5481 5967 9702 4122 12195 6624 10692 4770 23805 0 4590 15381 19269 21195 19782 4752 24714 5364 8658 26946 963 15723 15435 5130 8856 26253 17811 7821 2340 26766 26100 6030 14157 17271 29394 5823 8433 2817 16191 7722 963 23283 6183 9909 7623 18324 16362 28035 8154 28305 14121 8199 3843 22023 5517 15354 13482 5130 15012 16830 10683 22455 26289 24021 14265 8712 19827 23499 13257 6129 12816 14157 9135 7092 22356 8856 8433 26028 13158 27648 16074 25434 22887 5544 3411 24039 24120 10683 9891 27090 5121 9063
 11403 16839 10800 5040 27243 17937 12519 22311 8721 1422 7227 6615 13752 3105 12834 5787 24885 4590 0 17370 17019 21807 18216 9342 25794 9378 10584 26802 5508 14292 16389 9648 4311 27243 16722 3501 5706 26469 25947 8541 11880 18936 28467 5157 3843 7065 17172 5139 4059 22491 6750 7470 11187 18522 17955 27558 3870 28917 11106 6930 8010 21708 5661 17280 14139 3474 16290 15516 7083 20538 25893 23643 10917 4428 20331 21573 12717 9459 14652 14067 4554 10179 22077 6489 11295 25083 9684 27783 13698 26433 21366 954 3258 22518 22806 7146 5346 27486 900 4563
 8604 10764 17271 12663 17262 6336 20421 7461 19494 17838 24435 11331 3744 16056 4689 20142 9036 15381 17370 0 16020 7812 13896 14517 9873 18027 6849 14472 15435 11790 3852 15858 19350 11475 11376 17883 17370 14760 13797 9360 13986 2187 18792 21078 19728 13194 3843 22320 14877 13518 21555 24678 8883 7272 1728 16326 17901 14031 16263 11970 16974 11115 20889 225 5229 19980 2745 11736 16857 16767 14643 12789 17406 18135 7119 17487 8820 19800 2718 7398 20295 20826 11232 23634 7173 16074 26982 14418 14940 10701 15678 17946 14157 16461 15840 24471 21375 13329 17001 19170
 18945 5553 7254 13383 12150 10521 27801 14094 24723 16173 22959 16560 13797 13923 15390 22680 16614 19269 17019 16020 0 12978 3186 22293 17262 24489 14814 13734 20070 4500 12213 23409 15012 17955 4869 14391 21492 12951 13014 16254 5166 15480 12924 22149 15939 19431 12456 21303 18306 8370 23760 23184 19017 10035 14868 13302 14067 17892 6372 11097 22950 9540 22671 15795 11106 20448 13275 4275 10548 3735 12186 10548 7227 13761 11871 4707 7956 25398 14760 8793 15957 26334 9891 22509 17118 9918 22986 15390 3321 17379 5310 16731 15912 6291 7038 21267 16695 16038 16128 14580
 15831 7686 17442 16767 9702 3906 27567 1152 26037 21798 29016 17109 9306 19575 11295 25875 3726 21195 21807 7812 12978 0 9936 21492 4509 24840 12762 6669 21510 10359 5805 22860 22383 5643 8334 21096 23436 6984 6003 15444 13716 5778 11214 26370 23031 19593 5094 26937 20466 6912 27270 29259 16074 3582 6102 8568 20970 7146 16272 15093 23598 4383 26424 7668 7758 24975 6489 9504 18675 11970 6948 5427 17532 21006 1503 12312 9558 26469 9162 7920 23427 27513 4284 28296 14067 8928 30726 6741 13644 4896 10206 22104 18999 10584 9657 28395 24471 5922 21186 22077
 18144 3141 9657 13968 9531 7920 28008 11070 25254 17577 24669 16560 12276 15228 14121 23634 13509 19782 18216 13896 3186 9936 0 22212 14130 24759 13995 10656 20484 4050 10044 23427 16875 14778 2592 16029 22086 9927 9918 15876 6615 13041 10521 23364 17757 19485 10134 22869 18837 5328 24822 24903 18261 7272 12555 10440 15759 14715 8595 11664 23256 6354 23778 13671 9459 21699 11187 3015 12438 3033 9180 7416 9666 15534 8937 3969 7047 25875 13086 7263 17883 26865 6705 24147 16236 7272 25128 12276 5310 14220 3150 18081 16578 4311 4644 23229 18729 12870 17370 16461
 5931 19728 18108 9360 29511 18306 6102 21519 5274 10710 13545 5733 12204 11097 10224 7551 23490 4752 9342 14517 22293 21492 22212 0 24354 3546 8901 27792 3861 18261 15750 1368 13581 25947 19935 12483 4725 27783 26991 6453 17433 16650 30960 9315 13185 2934 16416 11808 5382 24885 8730 13716 5643 19206 15876 29187 12798 28350 17910 11403 2898 23220 8613 14553 14301 9279 15012 19197 14958 25092 27414 25209 18261 13347 20304 26109 15237 5418 12402 15642 13887 6390 23499 12717 7461 27684 17352 28206 19323 25155 25173 10296 7524 26280 26181 14994 14634 27387 9837 13770
 18468 12141 21951 20772 11124 8244 30294 3627 29214 25911 33030 20583 12519 23760 14238 29466 918 24714 25794 9873 17262 4509 14130 24354 0 27837 16074 7164 24912 14868 9423 25704 26685 1593 12771 25353 26856 7974 6993 18756 18225 7713 12447 30141 27297 22806 8640 30924 24066 10134 30870 33273 18738 8064 8487 9405 25254 4401 20781 19278 26712 7965 30096 9819 11664 28836 9702 13977 23103 15786 8370 8001 22032 25317 5949 15939 13932 29565 12033 12240 27720 30600 7695 32283 16929 11259 34947 6057 18126 864 13824 26172 22842 13923 12870 32571 28773 4482 25236 26397
 9459 22491 19485 11133 32535 21519 3339 24921 1989 10791 11556 8271 15543 11889 13635 5427 26964 5364 9378 18027 24489 24840 24759 3546 27837 0 12114 31014 4464 20736 19053 2304 13644 29421 22635 12852 3681 30960 30204 9504 19431 20142 33948 7407 13032 5400 19755 10197 6309 27837 6219 11673 9180 22383 19350 32319 13212 31770 19485 13392 1539 26316 6498 18054 17451 8001 18387 21771 16002 27540 30555 28323 19629 13770 23598 28575 17964 1908 15831 18576 13680 2844 26622 10791 10908 30627 15597 31509 21348 28629 27819 10251 8766 28953 28944 13482 14211 30753 10116 13932
 4158 11196 13077 6201 20646 9423 14994 12924 13275 11178 17595 4545 3555 9657 2250 13428 15174 8658 10584 6849 14814 12762 13995 8901 16074 12114 0 18909 8838 10377 6957 10242 13023 17622 11529 11538 10782 18882 18108 2700 10836 8631 22104 14256 13257 6831 7677 15471 8073 16074 14841 17829 4266 10305 7713 20286 11628 19791 12375 6327 10836 14328 14112 6786 5400 13131 6399 11061 11466 17001 18522 16317 13239 11952 11493 17964 6984 13707 4194 6948 13887 14751 14607 16785 2313 18882 20250 19404 12456 16812 16740 11223 7344 17802 17577 17721 14949 18684 10296 12915
 22302 10314 20106 21888 4041 9495 33885 7182 32058 26532 33840 22986 15642 24192 17712 31464 7272 26946 26802 14472 13734 6669 10656 27792 7164 31014 18909 0 27378 13266 12078 29142 26532 6615 10674 25425 29250 981 855 21519 16632 12420 5283 31698 27315 25659 11475 31851 26127 5364 32805 34083 22527 8649 12762 2241 25227 4842 18972 19881 29691 5121 31878 14328 13581 30168 12960 12051 22329 11007 1701 3339 20142 25137 7569 10755 14085 32544 15669 12852 27576 33588 4734 33192 20466 4842 34956 1827 15795 6606 8883 26937 24354 8478 7380 32823 28530 3186 26073 26163
 7605 18369 15048 6687 28602 17946 7803 21744 4788 6903 10161 4410 12393 7587 10773 4770 24012 963 5508 15435 20070 21510 20484 3861 24912 4464 8838 27378 0 16434 15723 4167 9792 26460 18459 8784 1944 27234 26541 6156 14985 17388 29970 6102 9351 2412 16470 8253 1854 23850 6165 10359 7326 18738 16497 28530 9117 28593 15021 8973 2925 22509 5652 15417 13851 5661 15237 17514 11637 23193 26775 24516 15201 9675 20169 24237 13851 5400 12933 14661 10053 6399 22842 9315 8361 26613 13761 28035 16902 25659 23571 6453 4302 24714 24777 11322 10773 27423 6075 10017
 14535 2979 7137 9927 13041 7056 23994 11349 21204 13743 20952 12573 9324 11376 10899 19620 14085 15723 14292 11790 4500 10359 4050 18261 14868 20736 10377 13266 16434 0 8109 19449 13356 15876 2592 12357 18036 12726 12429 12015 3456 11547 14202 19413 14184 15489 8496 19080 14787 8379 20826 21186 14625 6894 10827 13581 12123 16533 5967 7623 19215 8253 19791 11574 6705 17766 9081 1251 9072 6840 12051 9927 7209 11970 8991 7857 3456 21825 10323 4419 14391 22815 8649 20376 12681 10836 21753 14607 3384 15183 7173 14220 12537 8334 8532 19701 15318 14796 13464 12969
 10233 6903 14175 11376 14265 2826 21834 6048 20232 16551 23616 11331 3555 14472 5634 20151 8505 15435 16389 3852 12213 5805 10044 15750 9423 19053 6957 12078 15723 8109 0 17109 17550 10899 7524 16155 17649 12150 11304 9639 10665 3510 15777 20745 18081 13788 783 21510 14733 10107 21546 23859 10458 3807 2718 13635 16092 12879 13095 10044 17793 7920 20736 3636 2331 19413 1170 7938 14409 12924 11880 9792 14301 16227 4554 13671 5535 20664 3708 3879 18558 21708 8118 22860 8388 12798 25659 12465 11385 10089 11925 16794 13419 12762 12213 23238 19629 11727 15849 17298
 7263 20988 18963 10296 30834 19665 4752 22887 4185 11052 13113 6876 13563 11709 11583 6984 24849 5130 9648 15858 23409 22860 23427 1368 25704 2304 10242 29142 4167 19449 17109 0 13950 27297 21186 12951 4437 29124 28341 7758 18486 18000 32274 8874 13464 3978 17775 11520 5922 26199 8037 13266 6984 20556 17235 30528 13284 29709 18828 12420 2151 24552 8073 15903 15642 9081 16380 20412 15687 26289 28764 26550 19116 13842 21663 27306 16488 4212 13770 16938 14157 5139 24840 12303 8820 28998 17037 29565 20385 26514 26415 10584 8244 27531 27450 14769 14823 28755 10242 14175
 14841 16227 7974 6822 26325 18486 16704 23076 12825 2898 7965 9963 15606 3366 15219 9450 25785 8856 4311 19350 15012 22383 16875 13581 26685 13644 13023 26532 9792 13356 17550 13950 0 27999 15939 1485 9963 26046 25686 11610 10260 20565 27387 8145 963 11115 18297 6498 8217 21726 10035 8181 14661 18873 19584 26937 1458 29286 8667 7506 12312 21429 8964 19215 15210 6543 17730 14598 4473 18720 25389 23229 8055 1395 20880 19719 12843 13563 16668 14472 1053 14184 21825 7587 14301 24075 8433 27738 11772 27216 19917 3402 6597 21033 21510 6363 2088 27693 3744 441
 20061 13050 22995 22203 10656 9513 31887 4950 30789 27315 34470 22122 14067 25128 15813 30996 2457 26253 27243 11475 17955 5643 14778 25947 1593 29421 17622 6615 26460 15876 10899 27297 27999 0 13644 26694 28404 7515 6633 20313 19278 9306 11853 31644 28638 24381 10125 32373 25587 10368 32400 34713 20331 9216 10071 8802 26577 2988 21825 20646 28296 8460 31617 11412 13104 30312 11232 14913 24318 16173 8037 8118 23076 26631 7137 16227 15192 31149 13608 13527 29043 32184 8136 33732 18513 11097 36306 5202 19053 810 14130 27594 24318 14112 13023 33948 30087 3564 26658 27702
 15651 684 9558 12150 10530 5652 25830 9414 23247 16245 23481 14382 9684 13869 11547 21906 12042 17811 16722 11376 4869 8334 2592 19935 12771 22635 11529 10674 18459 2592 7524 21186 15939 13644 0 14922 20151 10125 9846 13536 5976 10665 11754 21807 16758 17289 7686 21582 16902 5814 23148 23724 15777 5184 10107 10998 14697 14094 8397 9900 21150 5715 22140 11151 6867 20178 8649 1377 11664 5607 9459 7344 9612 14553 7110 6498 4698 23841 10494 4689 16983 24849 6111 22896 13725 8361 24345 12051 5418 12996 5247 16704 14751 6345 6318 22275 17910 12321 15912 15561
 13419 15174 7641 5337 25389 17190 16011 21753 12213 2151 8640 8568 14139 1890 13734 9108 24453 7821 3501 17883 14391 21096 16029 12483 25353 12852 11538 25425 8784 12357 16155 12951 1485 26694 14922 0 9189 24975 24579 10161 9450 19125 26505 8073 1944 9891 16911 6921 7092 20736 9882 8874 13257 17613 18144 25920 378 28053 8154 6111 11448 20313 8784 17757 13824 6381 16308 13608 3933 18045 24345 22149 7749 927 19593 19062 11592 12960 15192 13176 2421 13653 20700 8136 12834 23157 9639 26586 11088 25902 19125 2754 5265 20250 20673 7398 3501 26487 2736 1431
 9387 20097 16056 8145 30384 19845 6840 23679 3249 7119 8820 6327 14337 8343 12708 2979 25956 2340 5706 17370 21492 23436 22086 4725 26856 3681 10782 29250 1944 18036 17649 4437 9963 28404 20151 9189 0 29088 28413 8100 16353 19332 31743 4608 9360 4239 18405 7110 3249 25623 4320 8991 9108 20628 18441 30366 9558 30528 16155 10467 2439 24354 3978 17352 15750 4644 17181 19152 12474 24732 28620 26352 16191 10116 22086 25776 15606 3951 14877 16488 10017 4851 24687 7992 10269 28368 12654 29934 18261 27594 25209 6570 5580 26352 26451 10341 10584 29340 6462 10251
 22383 9819 19458 21600 3159 9468 33876 7623 31941 26154 33444 22860 15696 23796 17784 31230 8001 26766 26469 14760 12951 6984 9927 27783 7974 30960 18882 981 27234 12726 12150 29124 26046 7515 10125 24975 29088 0 1035 21456 16056 12762 4509 31410 26847 25578 11592 31482 25938 4599 32562 33687 22608 8577 13032 1593 24768 5823 18342 19539 29601 4770 31617 14598 13509 29862 13086 11493 21789 10116 774 2835 19494 24660 7722 9828 13770 32445 15795 12627 27090 33489 4419 32814 20520 3861 34461 2799 15129 7461 8001 26568 24093 7542 6462 32364 28035 4149 25722 25668
 21528 9477 19305 21033 4149 8685 33084 6606 31230 25686 32985 22158 14859 23337 16938 30609 6984 26100 25947 13797 13014 6003 9918 26991 6993 30204 18108 855 26541 12429 11304 28341 25686 6633 9846 24579 28413 1035 0 20700 15813 11781 5526 30843 26469 24840 10710 30996 25281 4662 31959 33228 21753 7821 12078 2619 24381 5220 18171 19026 28863 4266 31023 13644 12753 29313 12204 11232 21492 10413 1404 2538 19341 24291 6822 10215 13230 31716 14913 12006 26730 32760 3879 32337 19692 4527 34110 2385 15003 6516 8289 26082 23499 7965 6858 31968 27693 3438 25218 25317
 3411 13302 13302 5085 23085 12024 12492 15624 10593 9369 15273 2016 6246 8298 4671 10800 17856 6030 8541 9360 16254 15444 15876 6453 18756 9504 2700 21519 6156 12015 9639 7758 11610 20313 13536 10161 8100 21456 20700 0 11745 11250 24525 11736 11673 4158 10368 13167 5526 18441 12213 15498 3321 12879 10350 22824 10323 22482 12798 6192 8181 16830 11529 9324 7947 10728 9099 12870 10980 18819 21060 18828 13455 10737 14148 19818 8847 11043 6795 9189 12348 12087 17127 14445 2754 21240 18198 22059 13536 19503 18783 9306 5301 19881 19746 15651 13365 21366 8424 11583
 14769 6426 3726 8298 16092 10197 22761 14661 19593 11097 18090 11727 10899 8802 11988 17514 17415 14157 11880 13986 5166 13716 6615 17433 18225 19431 10836 16632 14985 3456 10665 18486 10260 19278 5976 9450 16353 16056 15813 11745 0 14175 17127 17028 11151 14526 11205 16335 13194 11583 18603 18315 14787 10179 13338 16812 9162 19989 2565 6066 17892 11682 17532 13788 8766 15327 11448 4590 5832 8667 15354 13293 3816 8928 12294 9702 5184 20277 12024 6786 11268 21204 12078 17586 13113 13833 18549 18027 1917 18567 9675 11637 10773 10809 11250 16623 12132 18252 10998 9855
 10755 9999 17667 14067 15390 5148 22581 5319 21555 19278 26091 13176 5193 17361 6624 22041 6867 17271 18936 2187 15480 5778 13041 16650 7713 20142 8631 12420 17388 11547 3510 18000 20565 9306 10665 19125 19332 12762 11781 11250 14175 0 16920 22887 21024 15201 3051 23967 16704 11934 23454 26325 11025 5949 981 14346 19107 11844 16596 13077 19053 9441 22752 2115 5607 21708 2880 11268 17703 15759 12699 10971 17784 19287 5310 16380 9027 21888 4455 7389 21546 22923 9504 25299 9243 14355 28440 12285 14868 8523 14454 19449 15795 15138 14418 25965 22626 11160 18495 20349
 25875 11691 20070 23868 1530 12969 37017 11988 34749 27945 35127 25704 19206 25578 21312 33624 12501 29394 28467 18792 12924 11214 10521 30960 12447 33948 22104 5283 29970 14202 15777 32274 27387 11853 11754 26505 31743 4509 5526 24525 17127 16920 0 33561 28260 28548 15336 33273 28512 6120 34884 35361 26073 11997 17064 3051 26244 9675 19062 21645 32526 7875 33885 18621 16722 31932 16830 12960 22959 9360 4302 6021 20061 26037 11673 8649 16137 35307 19485 15372 28404 36333 7668 34569 23958 3393 35649 6723 15777 11880 7623 28422 26451 6642 5931 33750 29250 8325 27648 26982
 13680 21897 15705 9810 32310 22590 9666 26766 5805 6039 4239 9747 17721 8226 16389 1989 29223 5823 5157 21078 22149 26370 23364 9315 30141 7407 14256 31698 6102 19413 20745 8874 8145 31644 21807 8073 4608 31410 30843 11736 17028 22887 33561 0 7263 8505 21519 2835 6210 27549 1917 4401 13401 23247 21942 32553 8442 33516 16128 11925 6732 26640 981 21033 18621 1710 20466 20637 11970 25686 30861 28602 15813 8910 24939 26730 17649 6453 18450 18864 7713 6705 27000 3429 14247 30168 8208 32589 18828 30825 26514 5454 7389 27666 27945 6102 7839 32175 6030 8550
 14823 17037 8928 7092 27180 19134 16029 23697 12114 2511 7020 9936 15993 3672 15480 8640 26397 8433 3843 19728 15939 23031 17757 13185 27297 13032 13257 27315 9351 14184 18081 13464 963 28638 16758 1944 9360 26847 26469 11673 11151 21024 28260 7263 0 10836 18846 5544 7875 22554 9162 7245 14634 19548 20034 27756 2088 29988 9603 8037 11745 22203 8100 19602 15750 5697 18216 15435 5400 19638 26199 24021 9018 2223 21537 20646 13527 12852 17028 15120 711 13428 22599 6633 14409 24939 7704 28494 12690 27846 20817 2889 6507 21933 22401 5517 1692 28413 3456 1404
 5193 17127 15192 6435 27135 16173 8541 19746 6444 8325 12501 2925 10350 8370 8586 7164 21915 2817 7065 13194 19431 19593 19485 2934 22806 5400 6831 25659 2412 15489 13788 3978 11115 24381 17289 9891 4239 25578 24840 4158 14526 15201 28548 8505 10836 0 14508 10539 3015 22437 8541 12708 4914 17019 14346 26937 10179 26604 14985 8478 4023 20925 8064 13185 12087 7947 13203 16479 12105 22329 25164 22923 15345 10710 18306 23355 12600 6885 10782 13176 11556 7929 21231 11646 6048 25227 15975 26208 16434 23571 22500 8001 4734 23625 23580 13491 12402 25515 7398 11250
 10827 7038 14769 12159 13806 2520 22500 5283 20952 17334 24399 12078 4212 15246 6246 20916 7731 16191 17172 3843 12456 5094 10134 16416 8640 19755 7677 11475 16470 8496 783 17775 18297 10125 7686 16911 18405 11592 10710 10368 11205 3051 15336 21519 18846 14508 0 22293 15498 9792 22311 24642 11061 3483 2430 13104 16848 12123 13671 10809 18504 7506 21501 3627 3096 20196 1503 8226 15102 12951 11349 9315 14886 16974 3915 13653 6138 21375 4203 4428 19314 22419 7677 23643 9018 12429 26424 11790 11826 9306 11835 17568 14202 12627 12015 24012 20385 11007 16632 18054
 15561 21762 14445 10179 32112 23067 12483 27441 8640 5346 2124 11160 18774 7713 17694 4806 30015 7722 5139 22320 21303 26937 22869 11808 30924 10197 15471 31851 8253 19080 21510 11520 6498 32373 21582 6921 7110 31482 30996 13167 16335 23967 33273 2835 5544 10539 22293 0 7812 27396 4554 2358 15300 23643 23004 32517 7236 34047 15039 11988 9405 26739 3807 22239 19269 2601 21375 20322 10800 24957 30888 28647 14526 7587 25470 25974 17784 9279 19620 19170 5796 9504 27117 1359 15840 29907 5544 32877 18009 31563 25983 4914 8172 27126 27504 3285 5607 32607 5787 6939
 7758 16857 13203 4932 27162 16785 9639 20781 6435 5373 9864 3537 11574 5787 10179 5418 23157 963 4059 14877 18306 20466 18837 5382 24066 6309 8073 26127 1854 14787 14733 5922 8217 25587 16902 7092 3249 25938 25281 5526 13194 16704 28512 6210 7875 3015 15498 7812 0 22401 6813 10080 7506 17532 15777 27180 7416 27594 13176 7245 4770 21186 6048 14832 12726 5274 14364 15903 9801 21501 25452 23184 13347 7965 19080 22545 12375 7092 12258 13311 8586 8046 21519 9018 8082 25137 13113 26874 15111 24777 21951 5013 2457 23103 23202 10602 9405 26343 4473 8397
 19953 5652 14904 17802 4779 7290 30924 8001 28629 22050 29295 19593 13347 19683 15444 27549 9747 23283 22491 13518 8370 6912 5328 24885 10134 27837 16074 5364 23850 8379 10107 26199 21726 10368 5814 20736 25623 4599 4662 18441 11583 11934 6120 27549 22554 22437 9792 27396 22401 0 28827 29538 20133 6318 11853 5229 20493 9711 13797 15615 26406 2565 27837 13320 10746 25938 11223 7128 17388 5868 3852 2313 14922 20349 6705 5859 10026 29187 13770 9270 22761 30213 2637 28710 18018 2799 30096 7047 10557 9972 3780 22500 20376 3798 2781 28071 23661 7857 21699 21330
 13707 23193 17469 11025 33606 23553 8037 27594 4383 7794 5445 10296 18369 9864 16875 1413 29970 6183 6750 21555 23760 27270 24822 8730 30870 6219 14841 32805 6165 20826 21546 8037 10035 32400 23148 9882 4320 32562 31959 12213 18603 23454 34884 1917 9162 8541 22311 4554 6813 28827 0 5535 13428 24264 22545 33750 10260 34398 17838 13248 5913 27792 1098 21528 19512 3510 21177 22023 13734 27234 32040 29772 17586 10746 25866 28278 18846 4923 18999 19953 9630 5004 28143 4761 14526 31500 9549 33615 20439 31590 27972 7191 8469 29133 29358 7686 9756 33129 7650 10440
 17793 23931 16146 12510 34227 25380 13527 29781 9909 7542 243 13482 21132 9891 20043 6291 32355 9909 7470 24678 23184 29259 24903 13716 33273 11673 17829 34083 10359 21186 23859 13266 8181 34713 23724 8874 8991 33687 33228 15498 18315 26325 35361 4401 7245 12708 24642 2358 10080 29538 5535 0 17532 25938 25362 34695 9153 36360 16848 14256 11115 28962 5202 24606 21609 4815 23733 22437 12636 26874 33084 30852 16218 9423 27783 27882 20043 10467 21978 21465 7308 10467 29349 1062 18144 32013 4032 35136 19917 33903 27990 7173 10539 29124 29547 2763 6804 34902 8082 8622
 288 15435 16569 8361 24579 13167 11574 16011 10755 12213 17325 4698 6912 11439 4824 12060 17883 7623 11187 8883 19017 16074 18261 5643 18738 9180 4266 22527 7326 14625 10458 6984 14661 20331 15777 13257 9108 22608 21753 3321 14787 11025 26073 13401 14634 4914 11061 15300 7506 20133 13428 17532 0 14112 10287 24075 13455 22788 16020 9477 8244 18225 12978 8928 9387 12735 9594 15327 14292 21267 22311 20169 16731 13905 14976 22221 11250 10998 6912 11160 15327 12006 18468 16470 2115 22923 20610 22806 16515 19548 20979 12042 8127 22023 21762 18090 16299 21906 11241 14688
 13905 4491 13905 13509 10494 981 25299 4482 23409 18423 25695 14337 7218 16155 9324 22905 7236 18324 18522 7272 10035 3582 7272 19206 8064 22383 10305 8649 18738 6894 3807 20556 18873 9216 5184 17613 20628 8577 7821 12879 10179 5949 11997 23247 19548 17019 3483 23643 17532 6318 24264 25938 14112 0 5670 9990 17478 10449 12744 11700 21042 4122 23364 7056 4932 21789 4914 6165 15102 9846 8217 6048 13995 17487 2124 10440 6030 23895 7506 4473 19926 24939 4356 24993 12015 8991 27252 9351 10242 8469 8514 18765 15867 9225 8568 24957 20952 8964 17856 18558
 10026 9468 16785 13086 15534 4788 21861 5814 20727 18297 25128 12249 4230 16371 5760 21132 7614 16362 17955 1728 14868 6102 12555 15876 8487 19350 7713 12762 16497 10827 2718 17235 19584 10071 10107 18144 18441 13032 12078 10350 13338 981 17064 21942 20034 14346 2430 23004 15777 11853 22545 25362 10287 5670 0 14598 18126 12510 15732 12096 18225 9423 21825 1566 4689 20754 1944 10620 16758 15354 12906 11070 16911 18315 5391 16020 8172 21078 3564 6570 20565 22113 9531 24336 8442 14373 27459 12753 14103 9279 14157 18468 14832 14895 14229 24984 21645 11709 17514 19377
 23859 10764 20088 22752 1971 10908 35280 9216 33264 27180 34452 24174 17163 24813 19260 32436 9504 28035 27558 16326 13302 8568 10440 29187 9405 32319 20286 2241 28530 13581 13635 30528 26937 8802 10998 25920 30366 1593 2619 22824 16812 14346 3051 32553 27756 26937 13104 32517 27180 5229 33750 34695 24075 9990 14598 0 25695 6741 18999 20637 30951 6021 32787 16164 14895 30978 14598 12330 22608 10161 1773 4014 20106 25551 9261 9720 14913 33777 17307 13878 27972 34821 5706 33840 21987 3555 35316 3717 15732 8829 8118 27612 25281 7452 6444 33273 28881 5283 26784 26550
 13617 14958 7281 5427 25137 17073 16380 21645 12591 2529 8928 8775 14157 2025 13806 9486 24354 8154 3870 17901 14067 20970 15759 12798 25254 13212 11628 25227 9117 12123 16092 13284 1458 26577 14697 378 9558 24768 24381 10323 9162 19107 26244 8442 2088 10179 16848 7236 7416 20493 10260 9153 13455 17478 18126 25695 0 27900 7812 6057 11799 20115 9162 17766 13761 6750 16272 13374 3582 17739 24129 21942 7389 558 19467 18756 11448 13329 15219 13059 2475 14031 20511 8442 12978 22905 9783 26406 10782 25794 18837 3141 5517 19971 20403 7596 3537 26325 3096 1296
 22527 13572 23634 23886 8703 10980 34362 6858 33048 28863 36117 24201 16263 26604 18135 33003 5085 28305 28917 14031 17892 7146 14715 28350 4401 31770 19791 4842 28593 16533 12879 29709 29286 2988 14094 28053 30528 5823 5220 22482 19989 11844 9675 33516 29988 26604 12123 34047 27594 9711 34398 36360 22788 10449 12510 6741 27900 0 22473 22140 30582 8451 33561 13950 14904 32112 13401 15444 25362 15561 6516 7416 23697 27900 8586 15426 16461 33444 15939 14922 30339 34488 8064 35406 20889 9684 37683 3060 19476 3546 13446 29196 26145 13176 12078 35406 31356 1854 28278 28962
 16047 8901 1170 8550 18126 12753 22815 17226 19386 10089 16623 12393 12978 8019 13815 16884 19980 14121 11106 16263 6372 16272 8595 17910 20781 19485 12375 18972 15021 5967 13095 18828 8667 21825 8397 8154 16155 18342 18171 12798 2565 16596 19062 16128 9603 14985 13671 15039 13176 13797 17838 16848 16020 12744 15732 18999 7812 22473 0 6669 17955 14112 16740 16074 11088 14418 13815 7029 4239 10098 17622 15642 1251 7461 14859 11079 7560 20106 14139 9234 9594 20961 14508 16209 14562 15858 16641 20430 3285 21123 11466 10674 10719 12537 13131 14895 10323 20718 10206 8226
 9531 9972 7110 2322 20385 11196 16713 15705 13671 6732 14013 5760 8244 4482 8253 12015 18378 8199 6930 11970 11097 15093 11664 11403 19278 13392 6327 19881 8973 7623 10044 12420 7506 20646 9900 6111 10467 19539 19026 6192 6066 13077 21645 11925 8037 8478 10809 11988 7245 15615 13248 14256 9477 11700 12096 20637 6057 22140 6669 0 11853 14778 12231 11826 7713 10341 10233 8793 5148 14265 18972 16713 7272 6219 13599 15309 5796 14328 9360 7227 8514 15291 15156 13338 8253 18261 15669 20889 7974 19854 14796 7083 4923 15957 16128 13302 9594 20655 6201 7281
 8532 21024 17964 9594 31122 20196 4878 23724 2520 9432 10971 6813 14319 10413 12483 4833 25830 3843 8010 16974 22950 23598 23256 2898 26712 1539 10836 29691 2925 19215 17793 2151 12312 28296 21150 11448 2439 29601 28863 8181 17892 19053 32526 6732 11745 4023 18504 9405 4770 26406 5913 11115 8244 21042 18225 30951 11799 30582 17955 11853 0 24939 5931 16992 16110 7029 17172 20268 14508 26019 29187 26946 18108 12357 22320 27054 16488 2871 14688 17154 12420 3915 25245 10161 9810 29187 14913 30231 19809 27495 26316 8910 7227 27459 27459 12672 13005 29520 8712 12582
 18018 5274 15264 16830 6363 5094 29304 5490 27243 21420 28719 18162 11331 19071 13446 26460 7461 22023 21708 11115 9540 4383 6354 23220 7965 26316 14328 5121 22509 8253 7920 24552 21429 8460 5715 20313 24354 4770 4266 16830 11682 9441 7875 26640 22203 20925 7506 26739 21186 2565 27792 28962 18225 4122 9423 6021 20115 8451 14112 14778 24939 0 26847 10926 8928 25092 8982 7092 17280 7830 4266 2007 15309 20034 4167 8046 9000 27765 11619 7866 22482 28800 396 28080 16110 4950 29862 6354 11043 7947 5922 21825 19323 6210 5274 27711 23445 6642 20970 21069
 13257 22194 16371 10044 32607 22671 8685 26775 4842 6687 5067 9576 17622 8766 16200 1089 29187 5517 5661 20889 22671 26424 23778 8613 30096 6498 14112 31878 5652 19791 20736 8073 8964 31617 22140 8784 3978 31617 31023 11529 17532 22752 33885 981 8100 8064 21501 3807 6048 27837 1098 5202 12978 23364 21825 32787 9162 33561 16740 12231 5931 26847 0 20853 18657 2421 20403 20997 12627 26163 31086 28818 16479 9648 25011 27207 17874 5472 18297 19026 8595 5724 27198 4293 13941 30492 9099 32715 19359 30798 26928 6093 7524 28080 28323 7056 8766 32265 6561 9360
 8649 10539 17082 12555 17082 6129 20475 7344 19503 17730 24363 11286 3609 15930 4653 20115 8973 15354 17280 225 15795 7668 13671 14553 9819 18054 6786 14328 15417 11574 3636 15903 19215 11412 11151 17757 17352 14598 13644 9324 13788 2115 18621 21033 19602 13185 3627 22239 14832 13320 21528 24606 8928 7056 1566 16164 17766 13950 16074 11826 16992 10926 20853 0 5022 19917 2520 11520 16695 16542 14472 12609 17217 18000 6948 17262 8613 19827 2628 7182 20169 20853 11043 23562 7182 15876 26883 14292 14733 10638 15462 17856 14085 16254 15624 24381 21249 13221 16902 19035
 9216 6372 12123 9108 15255 4095 20385 8181 18486 14256 21366 9441 2826 12150 4788 18126 10755 13482 14139 5229 11106 7758 9459 14301 11664 17451 5400 13581 13851 6705 2331 15642 15210 13104 6867 13824 15750 13509 12753 7947 8766 5607 16722 18621 15750 12087 3096 19269 12726 10746 19512 21609 9387 4932 4689 14895 13761 14904 11088 7713 16110 8928 18657 5022 0 17235 2745 6876 12123 12474 13122 10908 12258 13887 6354 13329 3600 18963 3672 2313 16227 20007 9207 20628 7272 13536 23337 14184 9747 12294 11835 14508 11250 12807 12447 20934 17298 13617 13572 14967
 12987 20286 13995 8289 30699 21150 10647 25416 6705 4329 4599 8712 16524 6525 15318 2988 27918 5130 3474 19980 20448 24975 21699 9279 28836 8001 13131 30168 5661 17766 19413 9081 6543 30312 20178 6381 4644 29862 29313 10728 15327 21708 31932 1710 5697 7947 20196 2601 5274 25938 3510 4815 12735 21789 20754 30978 6750 32112 14418 10341 7029 25092 2421 19917 17235 0 19197 18990 10260 23994 29304 27045 14112 7236 23526 25029 16092 7407 17307 17361 6210 7857 25461 3753 13347 28548 8100 31104 17118 29502 24840 3744 5994 25992 26289 5715 6480 30735 4338 6939
 9360 8046 14859 11340 15309 3933 21078 6543 19647 16560 23490 10890 2862 14571 4797 19764 8793 15012 16290 2745 13275 6489 11187 15012 9702 18387 6399 12960 15237 9081 1170 16380 17730 11232 8649 16308 17181 13086 12204 9099 11448 2880 16830 20466 18216 13203 1503 21375 14364 11223 21177 23733 9594 4914 1944 14598 16272 13401 13815 10233 17172 8982 20403 2520 2745 19197 0 9000 14823 14085 12852 10818 14985 16443 5391 14832 6273 20043 2718 4734 18729 21087 9162 22725 7578 13896 25704 13221 12294 10422 13095 16758 13230 13932 13374 23247 19809 12375 15804 17514
 15219 1881 8199 11079 11790 6480 25002 10539 22293 14985 22203 13554 9630 12618 11349 20799 13230 16830 15516 11736 4275 9504 3015 19197 13977 21771 11061 12051 17514 1251 7938 20412 14598 14913 1377 13608 19152 11493 11232 12870 4590 11268 12960 20637 15435 16479 8226 20322 15903 7128 22023 22437 15327 6165 10620 12330 13374 15444 7029 8793 20268 7092 20997 11520 6876 18990 9000 0 10296 5958 10818 8712 8253 13221 8199 6948 4077 22914 10548 4581 15633 23904 7488 21627 13329 9585 22995 13437 4140 14247 6057 15462 13689 7209 7335 20952 16560 13680 14697 14211
 14391 12015 3735 5985 21924 14859 19287 19476 15651 5940 12411 9972 13203 4131 13392 12861 22230 10683 7083 16857 10548 18675 12438 14958 23103 16002 11466 22329 11637 9072 14409 15687 4473 24318 11664 3933 12474 21789 21492 10980 5832 17703 22959 11970 5400 12105 15102 10800 9801 17388 13734 12636 14292 15102 16758 22608 3582 25362 4239 5148 14508 17280 12627 16695 12123 10260 14823 10296 0 14247 21114 18999 3852 3222 17190 15246 9180 16389 14355 10908 5454 17181 17676 11979 13302 19665 12717 23625 7299 23562 15453 6543 7452 16560 17064 10800 6300 23706 6192 4050
 21159 6111 10989 16587 8766 10611 30816 13122 27927 19764 26640 19413 15291 17469 17154 26100 15282 22455 20538 16767 3735 11970 3033 25092 15786 27540 17001 11007 23193 6840 12924 26289 18720 16173 5607 18045 24732 10116 10413 18819 8667 15759 9360 25686 19638 22329 12951 24957 21501 5868 27234 26874 21267 9846 15354 10161 17739 15561 10098 14265 26019 7830 26163 16542 12474 23994 14085 5958 14247 0 9342 8181 10953 17442 11214 1044 10035 28575 16083 10287 19674 29547 8091 26181 19251 6633 26712 12780 6957 15723 2124 20304 19170 2763 3717 24993 20421 13707 19656 18288
